Sample	FastQC_mqc-generalstats-fastqc-percent_duplicates	FastQC_mqc-generalstats-fastqc-percent_gc	FastQC_mqc-generalstats-fastqc-avg_sequence_length	FastQC_mqc-generalstats-fastqc-percent_fails	FastQC_mqc-generalstats-fastqc-total_sequences
RTC_149_R1	16.221810149193942	47.0	151.0	18.181818181818183	8731528.0
RTC_149_R2	14.332059558565717	47.0	151.0	27.27272727272727	8731528.0
filtered2_RTC_149_R1	15.924301490287874	46.0	141.55033692303962	9.090909090909092	8455195.0
filtered2_RTC_149_R2	14.544892514016766	47.0	141.55033692303962	18.181818181818183	8455195.0
filtered_RTC_149_R1	15.619396893472398	46.0	140.5766678740317	9.090909090909092	8536496.0
filtered_RTC_149_R2	14.222180000201718	47.0	140.5766678740317	18.181818181818183	8536496.0
merged_RTC_149_R1	12.673000836442554	46.0	165.5544320776175	9.090909090909092	4939918.0
unmerged_RTC_149_R1	11.439338866325784	47.0	151.0	9.090909090909092	3603230.0
unmerged_RTC_149_R2	9.58281820670426	47.0	151.0	18.181818181818183	3603230.0
